    0.3637    0.4601
    0.4708    0.4964
    0.3526    0.4903
    0.4456    0.4139
    0.4460    0.4516
    0.4040    0.4533
    0.3543    0.4574
    0.3797    0.5264
    0.3400    0.4853
    0.4169    0.3894
    0.4086    0.4060
    0.5098    0.4337
    0.3418    0.4721
    0.4303    0.5538
    0.4329    0.5028
    0.3889    0.5985
    0.4738    0.5406
    0.4139    0.4715
    0.3928    0.4766
    0.3205    0.4598
    0.3927    0.4957
    0.4427    0.4973
    0.4709    0.4834
    0.4794    0.4469
    0.4694    0.5560
    0.4406    0.4792
    0.4304    0.5554
    0.3930    0.4528
    0.3591    0.4707
    0.3964    0.5456
    0.4120    0.5122
    0.4724    0.5369
    0.4855    0.6206
    0.5076    0.6273
    0.5813    0.5532
    0.5188    0.6704
    0.5490    0.6064
    0.5685    0.5257
    0.5138    0.6705
    0.4967    0.6245
    0.4264    0.6681
    0.6523    0.6057
    0.6098    0.6445
    0.4755    0.6278
    0.5387    0.6109
    0.4770    0.7321
    0.4152    0.6473
    0.5192    0.6157
    0.5282    0.5040
    0.5233    0.6504
    0.4729    0.5914
    0.5094    0.5784
    0.5135    0.5396
    0.5433    0.6314
    0.5891    0.6150
    0.5564    0.6489
    0.4806    0.5896
    0.5918    0.6287
    0.5420    0.6873
    0.5110    0.7533
    0.5213    0.6904
    0.5045    0.6984
    0.5652    0.7150
    0.5799    0.6201
    0.6116    0.6477
    0.4748    0.6099
    0.6447    0.5354
    0.6115    0.4269
    0.7565    0.5302
    0.7000    0.5494
    0.6254    0.4712
    0.5881    0.5815
    0.5498    0.4631
    0.6306    0.5195
    0.7126    0.4611
    0.6160    0.4477
    0.7338    0.5487
    0.6089    0.5473
    0.7331    0.5666
    0.5967    0.3948
    0.6570    0.5209
    0.7095    0.5020
    0.6019    0.5677
    0.6069    0.4848
    0.5738    0.5032
    0.6214    0.4901
    0.6405    0.4990
    0.6536    0.4627
    0.5573    0.4917
    0.7200    0.5755
    0.5227    0.4972
    0.6406    0.5766
    0.6328    0.4280
    0.5705    0.4784
    0.5892    0.4800
    0.6536    0.4635
    0.7605    0.4923
    0.6242    0.4693
    0.6374    0.4823
    0.6939    0.4389
